61,51,52,53,54,44,45
74,73,72,62,61,51
12,13,23,33,43,53,63,64,74
66,65,55,45,35,25,24,14
46,45,44,34
72,62,63,64,65,55,56
63,53,43,44
24,34,33,32,31,41
17,27,37,47,57,67
52,62
35,45,55,65,64,63,62,61,71
74,64,65
26,36,35,34,33,43
14,24
56,57,67
73,63,53,43,33
37,36,35,34,33,32,31,41
26,25,24,14
45,44,34,33,23
54,55,56,46,47
62,63,64,54,55
31,32,33,34,35,45,55,56,66
64,54,44,45,35,36
37,47,46,45,44,43,42,52
15,16,26
16,26,36,46,56,66
56,55,54
62,52,53,43,44
44,43,42,32,22,21,11
12,13,23,33,43,53,54
45,46
61,62,63,64,54,55
44,43,42,41
36,26,25,15
43,33,34,35,36,26,27
32,33,34,35,36,46,56,57,67
21,22,23,24,25,15,16
26,27,37
54,53,52,51,41
64,65,66,56,57
33,43,53,63
23,13
11,12,13,14,15,25,35,45,55,56,66
45,35,25,26
47,37,27
54,44
32,33,34,44,45,55
35,25,26,16,17
13,23,33,43,53,63,73
73,63,53,54
24,25,35,45,55,65,66,76
62,52,53,54,55,45,46
26,25,24,23,22,21,11
74,73,72,62,52,51,41
25,26,36
56,55,45,35,34,24
64,63,62,61
64,54,44,45
53,52,51
51,41,31,21,22,23,24,14,15
36,26,16
42,32
25,15
52,42,32,33,34,35,25,26
73,63,64,65,66,56,57
34,44,45,55
13,23,33,43,53,63,62,72
43,53,54,64
11,21,31,41,42
45,55,65,64,74
52,53,43,44
26,27,37
44,45,46
12,22,32,42,52,62,63
71,61,51,41,31,21,22,23,13,14
43,33,23,13
55,54,53,52,42,32,31,21
52,53,54,55,56,66
67,66,65,64,54,44,34,24,23,13
75,65,55,45,35,36,26,27
12,22,32,31,41
34,44,54,53,63
64,54,44,45,46,36,37
72,62,52,42,43,44,34,35
45,35,36,26,27
77,76,75,74,73,63,53,43,33,32,22
14,24,34,33,43
77,76,75,74,73,72
61,62,63,64,65,66,76
72,62,52,51,41
34,44,54,53,52,51,61
53,43,33
17,27,37,47,57,56,66
23,33,43,53,63,62,61,71
27,26,25,24,23,22,21,11
61,51,41,31,32,33,34,35,36,26,27
26,36,46,45,44,43,53
76,75,74,73,72,62,52,42,32,31,21
32,33,34,35,36,46,56,57,67
73,63,53,43,44
